49 70 9
1 2 4
1 5 1
1 23 10
1 26 7
2 3 6
3 4 6
3 27 4
4 5 1
5 6 2
6 7 6
6 22 9
6 23 6
7 8 1
7 12 2
7 21 5
7 49 9
8 9 9
9 10 10
9 11 3
11 12 3
12 13 8
13 14 6
14 15 3
14 49 4
15 16 1
15 19 2
16 19 7
17 18 1
17 38 4
18 19 5
18 20 2
19 21 6
20 21 8
20 22 4
20 37 7
22 23 6
23 24 5
23 35 8
24 25 8
24 33 4
24 34 9
25 26 3
25 30 2
25 31 5
26 27 8
26 28 10
28 29 10
28 30 3
30 31 6
31 32 7
31 33 8
32 33 2
32 48 4
33 45 6
34 35 3
35 36 5
35 39 3
36 37 3
37 38 6
39 40 2
39 45 9
40 41 3
40 42 8
41 42 1
42 42 3
43 44 7
44 45 2
45 46 1
45 47 9
47 48 7
4
6
12
19
25
33
37
39
47


//Zig-Zag
11 18 1
1 2 1
1 3 2
1 4 4
2 3 4
2 5 3
3 4 1
3 6 5
4 7 3
5 6 2
5 8 5
6 7 1
6 9 3
7 10 4
8 9 2
8 11 4
9 10 3
9 11 1
10 11 2
11


//long side path
7 8 1
1 2 1
1 3 9
1 4 7
2 3 3
2 7 7
4 5 8
5 6 6
6 7 9
2


//5-point
5 6 3
1 2 20
1 4 70
1 5 90
2 3 30
3 4 50
4 5 60
2
4
5
